CUL	LONGITUDE	LATITUDE	NAME
11000	20.4568974	44.8178131	Beograd
11010	20.4799969	44.7674604	Beograd Vozdovac
11030	20.41514789	44.78274875	Beograd Čukarica
11050	20.49601379	43.886912	Beograd Zvezdara
11060	20.4764939	44.8106196	Beograd Palilula
11070	20.417507	44.8134531	Novi Beograd
11080	20.34105437	44.8587074	Beograd Zemun
11090	20.4359021	44.7457392	Beograd Rakovica
11130	20.5634057	44.7606974	Kaluđerica
11194	20.4412433	44.6815301	Rušanj
11211	20.4576073	44.8821959	Borča
11212	20.5350122	44.8876947	Ovča
11213	20.4302644	44.9391902	Padinska Skela
11223	21.916771	42.886605	Beli Potok
11224	20.5910154	44.6639616	Vrčin
11225	20.5571844	44.6985928	Zuce
11226	20.48305	44.695433	Pinosava
11232	20.5204337	44.6390298	Ripanj
11233	20.7570369	44.5760711	Ralja
11235	20.64912473	44.55906405	Mali Požarevac
11251	20.3191998	44.7285552	Ostružnica
11253	20.3938862	44.6710335	Sremčica
11260	20.3047222	44.6780556	Umka
11261	20.30426194	44.64369305	Mala Moštanica
11262	20.35624432	44.66570375	Velika Mostanica
11271	20.2831111	44.7951387	Surčin
11272	20.2230402	44.8296634	Dobanovci
11275	20.2228527	44.7220653	Boljevci
11276	20.2624948	44.7534349	Jakovo
11277	20.37512737	44.1746711	Ugrinovci
11279	20.2031325	44.7806827	Bečmen
11280	20.1589682	44.7182286	Progar
11282	20.1439094	44.7940843	Petrovcic
11300	20.9269355	44.6662524	Smederevo
11306	20.7170219	44.6709248	Grocka
11307	20.6090226	44.7320974	Boleč
11308	20.69511	44.6319881	Begaljica
11309	20.5737033	44.7299328	Leštane
11310	21.00238144	44.6500361	Lipe
11311	20.96544601	44.6135979	Radinac
11312	22.4942396	44.3702151	Mihajlovac
11313	21.01721545	44.58972605	Mala Krsna
11314	21.06881469	44.54691555	Osipaonica
11315	21.06709435	44.49965055	Saraorci
11316	20.99862209	44.4570265	Golobok
11317	21.14521867	43.9575158	Lozovik
11318	19.52704153	44.59805125	Miloševac
11319	21.03343601	44.4110452	Krnjevo
11320	21.0764834	44.334138	Velika Plana
11321	21.06612592	44.5186331	Lugavcina
11322	21.0377366	44.57358695	Skobalj
11323	21.0887509	44.3712415	Veliko Orašje
11324	21.06543831	43.9459904	Staro Selo
11325	21.4757515	45.1479025	Markovac
11326	21.13654934	44.3630871	Donja Livadica
11327	22.1015361	43.5115389	Rakinac
11328	20.83448922	44.6051427	Vodanj
11329	21.00848751	44.6056697	Vranovo
11351	20.6158865	44.7592877	Vinča
11400	20.6928767	44.4401485	Mladenovac
11406	20.67823626	44.50237475	Vlaška
11407	20.85715629	44.4986481	Selevac
11408	20.80065617	44.47216435	Velika Krsna
11409	19.7315093	45.1306849	Kovačevac
11411	21.42375188	43.80567405	Ratari
11412	20.7137429	44.3731228	Jagnjilo
11413	20.6285413	44.4154628	Pružatovac
11414	20.58193415	44.4169331	Velika Ivanča
11415	20.6060227	44.4445158	Koraćica
11420	20.9567012	44.3661758	Smederevska Palanka
11423	20.88435088	44.4276124	Azanja
11424	20.94864274	44.2952643	Banicina
11425	20.80110671	44.4070367	Kusadak
11426	20.36919	44.62314	Meljak
11427	20.31307399	44.59826565	Vranić
11430	20.7343029	44.5820469	Umčari
11431	21.2452181	43.9071949	Kolari
11432	20.82832598	44.55035625	Drugovac
11433	20.7041099	44.5421372	Šepšin
11450	21.2796796	44.5114693	Sopot
11453	20.27013171	43.8012933	Rogača
11454	20.5737553	44.8969888	Sibnica
11460	20.415517	44.5781936	Barajevo
11461	20.38966744	44.5202701	Beljina
11462	20.34490324	44.53813195	Veliki Borak
11500	20.2063274	44.6585512	Obrenovac
11504	20.26676749	44.64252125	Barič
11505	20.2025	44.6825	Zabrežje
11506	20.24402801	44.58805275	Draževac
11507	20.12912609	44.58538605	Stubline
11508	21.4065807	43.1733205	Grabovac
11509	20.04428614	44.66584995	Skela
11550	20.261033	44.3815176	Lazarevac
11560	20.2819444	44.4433333	Vreoci
11561	20.2799578	44.2853204	Dudovica
11562	20.33975438	44.44983515	Junkovac
11563	20.2879783	44.476298	Veliki Crljeni
11564	20.2930075	44.5208048	Stepojevac
11565	20.3709535	44.398097	Barosevac
11566	20.4050622	44.3800988	Rudovci
11567	20.41204796	44.4349285	Mirosaljci
12000	21.1858848	44.6192797	Požarevac
12205	21.077254	44.6563033	Brezane
12206	21.24125368	44.69746775	Bradarac
12207	21.08468878	44.69556535	Dubravica
12208	21.1710906	44.7149424	Kostolac
12209	21.28876249	44.74368495	Kličevac
12220	21.5167475	44.7628106	Veliko Gradište
12221	21.3592372	44.6930977	Majilovac
12222	21.5363159	44.6997846	Braničevo
12223	21.6330096	44.6519263	Golubac
12224	21.9080139	44.6354209	Dobra
12225	21.25274684	44.6412286	Bratinac
12226	21.4442505	44.7191584	Topolovnik
12229	21.6055621	44.7111946	Vinci
12230	20.1925863	43.2845431	Brnjica
12240	21.6688893	44.4779967	Kučevo
12242	21.7291282	44.4417049	Neresnica
12253	21.4906305	44.6444917	Srednjevo
12254	21.52368791	44.5694288	Rabrovo
12255	21.2747199	44.07513995	Duboka
12256	21.7836412	44.5093882	Voluja
12258	22.36510938	43.2376137	Klenje
12300	21.4170749	44.378261	Petrovac Na Mlavi
12304	21.4747335	44.44363	Ranovac
12305	21.53567423	44.39719365	Melnica
12306	21.43056875	44.32091225	Veliko Laole
12307	21.36935372	44.2700785	Burovac
12309	21.49332672	44.25731345	Šetonje
12311	21.29109422	44.55526955	Malo Crniće
12312	21.3463162	44.6057378	Smoljinac
12313	21.38010691	44.54715195	Bozevac
12314	22.6820975	43.09360235	Veliko Selo
12315	21.3651147	44.4623211	Rašanac
12316	21.6030763	44.2613255	Krepoljin
12317	21.6690321	44.2803153	Osanica
12318	19.6932272	45.1295559	Vukovac
12320	21.786539	44.1960539	Žagubica
12321	21.843198	44.24764735	Laznica
12322	20.1223048	43.0467167	Suvi Do
12370	22.5779878	44.0826853	Aleksandrovac
12371	21.20383502	44.4920211	Vlaški Do
12372	21.10332895	43.71101365	Poljana
12373	21.17880651	44.3904225	Simićevo
12374	21.2146709	44.3567406	Žabari
12375	21.20749783	44.32078635	Porodin
14000	19.8865562	44.2707993	Valjevo
14201	19.8993916	44.3529767	Brankovina
14202	20.0064393	44.2269774	Rajković
14203	19.9014193	44.2216406	Dračić
14204	19.9917408	44.1049677	Divčibare
14205	19.827967	44.2141587	Lelić
14206	19.7281073	44.2083133	Poćuta
14207	19.533856	44.355961	Pećka
14210	20.0737772	44.456203	Ub
14211	20.1708789	44.4960532	Radljevo
14212	20.18184612	44.5191035	Brgule
14213	19.9138862	44.433998	Pambukovica
14214	19.9764144	44.55365625	Banjani
14221	19.9608173	44.2977349	Popučke
14222	19.69013047	43.3309018	Divci
14223	20.07483325	44.341357	Slovac
14224	20.1654866	44.3694107	Lajkovac
14225	20.1914594	44.32713305	Bogovadja
14226	20.98974727	44.00278615	Jabučje
14240	20.2399384	44.225332	Ljig
14242	20.0849649	44.2536046	Mionica
14243	21.471212	43.3175661	Gornja Toplica
14244	20.0600906	44.1769553	Brezde
14245	20.24822029	44.1624888	Slavkovica
14246	20.3963097	44.2485297	Belanovica
14251	19.7729201	44.2799588	Pricevic
14252	20.7017895	43.6041779	Kamenica
14253	19.6022458	44.3731035	Osečina
14254	19.55226212	44.4267313	Komirić
14255	19.49978886	44.3422738	Stave
15000	19.6917065	44.7518622	Šabac
15211	19.62906681	44.83987045	Mačvanski Pričinović
15212	21.4763291	43.2419751	Drenovac
15213	19.7979033	44.711925	Orid
15214	20.6000772	45.0689714	Debeljača
15215	19.9286912	44.6693663	Provo
15220	19.8155039	44.468204	Koceljeva
15221	19.81654312	44.5204231	Svileuva
15222	20.7017895	43.6041779	Kamenica
15224	20.85871696	44.0994338	Cerovac
15225	19.7836534	44.6159064	Vladimirci
15226	19.74505847	44.526531	Draginje
15227	19.62613457	44.45898685	Donje Crniljevo
15232	19.64876058	44.67346735	Varna
15233	19.629859	44.573149	Metlić
15234	19.524444	44.552778	Tekeriš
15235	19.579309	44.702242	Dobrić
15300	19.2220661	44.5298264	Loznica
15302	19.30993529	44.47763045	Korenita
15303	19.2704649	44.4958165	Tršić
15304	19.451111	44.727222	Petlovača
15305	19.501014	44.697828	Lipolist
15306	19.3770468	44.6964796	Prnjavor Mačvanski
15307	19.31	44.6525	Lešnica
15308	19.35274802	44.59625075	Jadranska Lešnica
15309	19.3474441	44.5093079	Brezjak
15310	21.5336487	43.4388201	Ribari
15311	22.43210163	43.05423725	Draginac
15312	19.49427553	44.46534245	Zavlaka
15313	21.422117	44.901587	Bela Crkva
15314	19.3633333	44.3675	Krupanj
15315	19.244444	44.456944	Zajaca
15316	19.1583075	44.5144274	Banja Koviljača
15317	19.18262879	44.44028695	Donja Borina
15318	19.105215	44.3751206	Mali Zvornik
15319	19.34823436	44.2628274	Uzovnica
15320	19.3698163	44.1867893	Ljubovija
15321	19.20001881	44.3928173	Radalj
15322	19.9413817	44.0373548	Velika Reka
15323	19.49854982	44.2327392	Donja Orovica
15324	19.50552135	44.15171655	Drlace
15350	19.4805641	44.8348381	Bogatić
15352	19.470556	44.754722	Zminjak
15353	19.64220208	44.77245245	Majur
15354	19.5943382	44.7911369	Štitar
15355	21.80621877	43.5752922	Crna Bara
15356	19.54813673	44.8923104	Glušci
15357	22.36510938	43.2376137	Klenje
15358	19.36676703	44.77923555	Badovinci
15359	20.93487115	43.6003423	Dublje
15362	19.44819902	44.914181	Banovo Polje
16000	21.9480858	42.9962574	Leskovac
16201	22.014678	43.014292	Manojlovce
16203	21.910465	42.865282	Vučje
16204	21.8392108	42.8658936	Miroševce
16205	21.7211339	43.0140837	Bojnik
16206	19.4546031	45.5305049	Kosančić
16210	22.1279359	42.9666556	Vlasotince
16212	22.265618	42.977321	Svođe
16213	22.34733405	42.90316595	Sastav Reka
16215	22.2986318	42.8115267	Crna Trava
16220	22.073493	42.8933843	Grdelica
16221	22.011355	42.924626	Velika Grabovnica
16222	22.131111	42.829444	Predejane
16223	22.22148021	42.8287481	Ruplje
16230	21.7369521	42.9220453	Lebane
16231	21.881553	42.984296	Turekovac
16232	21.827152	42.946349	Bosnjace
16233	21.62295814	42.9805758	Orane
16240	21.5847305	42.842459	Medvedja
16244	21.877348	43.154184	Gornji Brestovac
16246	21.60098872	42.77649455	Sijarinska Banja
16247	21.3752263	43.2245658	Tulare
16248	21.5329748	42.9090327	Lece
16251	21.914907	43.098963	Pecanjevce
16252	21.955017	43.117094	Razgojna
16253	21.877667	43.1532199	Brestovac
17500	21.8976673	42.5558337	Vranje
17507	21.876952	42.955146	Vlase
17508	20.32637811	44.600298	Sveti Ilija
17510	22.066365	42.708202	Vladičin Han
17511	22.0224006	42.6145542	Priboj Vranjski
17512	21.0706293	43.4398211	Stubal
17513	19.954686	44.201041	Lepenica
17514	22.08834	42.768215	Džep
17520	21.7666667	42.4591667	Bujanovac
17521	21.8427778	42.4686111	Ristovac
17522	21.75465282	42.35719715	Biljaca
17523	21.6491667	42.3091667	Preševo
17524	21.888889	42.389722	Klenike
17525	22.0825	42.3641667	Trgovište
17526	22.16547866	42.4046541	Donji Stajevac
17529	21.7531411	42.5672976	Muhovac
17530	22.1701473	42.6919329	Surdulica
17531	22.009009	43.044465	Jelašnica
17532	22.33132861	42.66560615	Vlasina Okruglica
17533	22.3158453	42.7334808	Vlasina Rid
17534	22.370765	42.710026	Vlasina Stojkovićevo
17535	21.84649783	43.21409815	Klisura
17537	22.40835534	42.6246393	Bozica
17538	22.35921898	42.5608271	Gornja Lisina
17540	22.4732689	42.4996561	Bosilegrad
17542	21.9923793	42.5558839	Vranjska Banja
17543	22.1750868	42.5594337	Kriva Feja
17544	22.34660908	42.50954895	Donja Ljubata
17545	22.0131719	42.5896499	Korbevac
17546	22.43334018	42.384322	Bistar
17547	22.43603106	42.35243215	Donje Tlamino
17556	21.74889859	42.3125784	Reljan
17557	22.0176584	43.098903	Oraovica
17567	21.7666667	42.4591667	Bujanovac
18000	21.8957301	43.321504	Niš
18201	21.77255734	43.34240305	Lalinac
18202	21.462379	43.214958	Gornja Toponica
18204	21.96986391	43.3656444	Gornji Matejevac
18205	22.00968604	43.29614425	Niška Banja
18206	22.009009	43.044465	Jelašnica
18207	22.02535256	43.32738255	Malča
18208	22.2764265	43.392886	Guševac
18209	21.85699874	43.3340903	Medoševac
18210	21.6942727	43.5098344	Žitkovac
18211	21.7930956	43.3583111	Trupale
18212	21.7433467	43.4524896	Tešica
18213	21.5969189	43.5041467	Gredetin
18214	21.9767659	43.5878075	Kulina
18215	22.25890683	43.01585805	Veliko Bonjince
18216	20.99836456	44.0463575	Korman
18217	22.384696	43.025714	Ljuberadja
18219	21.7426791	43.4208481	Grejac
18220	21.7077778	43.5416667	Aleksinac
18223	21.788889   43.449722	Draževac(kod Aleksinca)
18224	21.620803	43.5938668	Rutevac
18225	21.8302778	42.5180556	Katun
18226	21.69088742	43.5594493	Aleksinacki Rudnik
18227	21.6926994	43.6026338	Subotinac
18228	21.7220959	43.4792344	Luzane
18229	21.66670505	43.66404545	Mozgovo
18230	21.866695	43.64439	Soko Banja
18232	21.2746897	43.5925969	Čitluk
18234	20.662831	43.4050969	Jošanica
18235	22.37175	43.5978678	Šarbanovac
18237	21.94984599	43.6214366	Dugo Polje
18240	22.03320694	43.23029735	Gadžin Han
18241	21.94694941	43.203033	Gornji Barbes
18242	22.10067528	43.1554731	Donji Dušnik
18244	21.9195647	43.1596343	Zaplanjska Toponica
18245	22.159	43.085	Lički Hanovi
18246	22.19512108	43.07297115	Ravna Dubrava
18250	22.165413	42.874285	Novo Selo
18251	19.7436433	45.11723	Mramor
18252	21.721834	43.281278	Merošina
18253	21.651142	43.261183	Jugbogdanovac
18254	21.82056472	43.2988514	Donje Medurovo
18255	21.8461428	43.1674935	Pukovac
18257	21.793141	43.275451	Balajinac
18258	20.95493969	44.0493611	Jovanovac
18260	22.0767374	43.5352298	Popovac
18300	22.5865039	43.1547342	Pirot
18304	22.46644759	43.2287933	Crnokliste
18306	22.810777	43.155269	Visoka Rzana
18307	22.69766378	43.124445	Krupač
18310	22.3142615	43.2185726	Bela Palanka
18311	22.08916915	43.33924835	Sićevo
18312	22.11776865	43.3096673	Ostrovica
18313	22.2376483	43.26573755	Crvena Reka
18314	20.53214958	43.46608005	Dolac
18315	22.38139516	43.3014336	Babin Kal
18320	22.7781993	43.0157433	Dimitrovgrad
18321	19.7352947	43.7405186	Gradina
18322	22.646952	43.049891	Sukovo
18323	22.8510626	43.0841809	Smilovci
18324	20.7017895	43.6041779	Kamenica
18326	22.6654763	42.9702933	Poganovo
18330	22.411508	43.067962	Babusnica
18332	22.46183	42.984226	Strelac
18333	22.5741231	42.9318973	Zvonce
18355	22.545029	43.2622573	Temska
18360	22.1221612	43.4147076	Svrljig
18363	20.4783364	44.8114529	Palilula
18365	22.1016184	43.3950801	Prekonoga
18366	22.1002936	43.4590741	Niševac
18368	22.2364185	43.4123588	Burdimo
18400	21.5854697	43.2334526	Prokuplje
18403	21.0764834	44.334138	Velika Plana
18404	21.4926418	43.2937902	Donja Rečica
18405	21.5646445	43.3331367	Džigolj
18406	20.3391963	43.0018281	Dubovo
18407	21.5752094	43.0902065	Žitni Potok
18408	20.95981384	44.4892779	Dobri Do
18409	21.4514255	43.1229347	Kruševica
18410	21.8308243	43.1970385	Doljevac
18411	21.85612023	43.26803585	Belotinac
18412	21.713413	43.190209	Žitoradja
18413	21.732943	43.226145	Pejkovac
18414	21.77327849	43.15448895	Donje Crnatovo
18415	21.86872201	43.2333225	Malošište
18417	21.8727638	43.19823885	Cecina
18420	21.2865967	43.2955155	Blace
18421	21.539812	43.2510771	Donja Trnava
18423	21.476282	43.2520819	Mala Plana
18424	21.4029069	43.2316209	Beloljin
18425	21.35652998	43.28218665	Gornja Draguša
18426	21.258889	43.228056	Barbatovac
18430	21.2749642	43.1384127	Kuršumlija
18432	21.3512045	43.1776186	Barlovo
18433	21.4008824	43.0444824	Prolom
18435	21.2552639	43.0578643	Kuršumlijska Banja
18436	21.0655098	43.2382238	Merćez
18437	21.9830493	42.4889455	Lukovo
18438	21.1562884	43.202075	Zuc
18440	20.9801511	44.2253438	Rača
18445	21.26331633	42.9371332	Merdare
19000	22.2784785	43.9028683	Zaječar
19204	22.1407238	43.9557068	Metovnica
19205	22.38887459	44.0121873	Gradskovo
19206	22.34466846	43.9006582	Veliki Izvor
19207	22.68113109	43.0085849	Planinica
19208	22.1959151	43.8672107	Lubnica
19209	22.44354139	44.0291712	Mali Jasenovac
19210	22.07642121	44.0934355	Bor
19213	19.90867288	43.57529235	Donja Bela Reka
19214	22.2711874	44.0078458	Rgotina
19215	21.9853539	44.0091766	Zlot
19216	22.04477815	44.0607341	Brestovačka Banja
19219	21.1029767	43.1339253	Krivelj
19220	22.1523003	44.462747	Donji Milanovac
19222	19.8954114	44.130891	Klokočevac
19223	21.70443578	43.42152315	Koprivnica
19224	22.32947476	44.1257916	Salaš
19225	22.3042282	44.1754635	Sikole
19227	22.21050133	43.92719825	Zvezdan
19228	22.1755582	43.9237158	Gamzigradska Banja
19229	22.3984007	44.17519585	Borski Brestovac
19231	0	0	Borsko Bucje
19234	22.18157082	44.182859	Luka
19235	22.37677895	44.07548275	Velika Jasikova
19236	22.37715113	43.9582714	Halovo
19250	21.9357263	44.4223112	Majdanpek
19257	22.05181639	44.35505945	Rudna Glava
19300	22.5308545	44.2270776	Negotin
19303	22.3528143	44.2910717	Štubik
19304	22.3810775	44.3468649	Jabukovac
19305	22.4028511	44.400616	Urovica
19306	21.63591722	43.53587555	Trnjane
19311	22.2387446	43.9612639	Nikolićevo
19312	22.3221788	43.9591016	Vražogrnac
19313	20.33993468	43.34606785	Brusnik
19314	22.55281608	44.09457155	Rajac
19315	22.49397564	44.0639026	Bracevac
19316	22.5912054	44.1959817	Kobišnica
19317	22.543154	44.158054	Mokranja
19318	22.5663457	44.1241406	Rogljevo
19320	22.6136517	44.6093983	Kladovo
19321	22.5002361	44.5856829	Podvrška
19322	22.4942396	44.3702151	Mihajlovac
19323	22.4440112	44.4709151	Brza Palanka
19324	22.0223951	42.880021	Slatina
19325	21.41771676	43.59974405	Tekija
19326	22.4287989	43.0056997	Sip
19328	22.5523342	44.5199546	Velesnica
19329	22.709503	44.5266153	Korbovo
19330	22.5859093	44.2926138	Prahovo
19334	22.6753363	44.2653298	Radujevac
19335	20.4795043	44.7863448	Dušanovac
19340	22.29208	43.6844163	Minićevo
19341	22.29596954	43.8402063	Grljan
19342	22.244124	43.8165983	Grlište
19343	22.14317016	43.7888416	Lenovac
19344	22.3086959	43.7839543	Vratarnica
19345	22.2766045	43.6226414	Donje Zuniće
19347	22.34874163	43.73430655	Mali Izvor
19350	22.2556547	43.5675155	Knjaževac
19352	22.3271541	43.4881176	Donja Kamenica
19353	22.46589026	42.85787715	Kalna
19362	22.2000917	43.5567682	Podvis
19366	21.916771	42.886605	Beli Potok
19367	22.1541026	43.569538	Vasilj
19369	22.13255896	43.67751005	Bucje
19370	21.9585588	43.8301921	Boljevac
19371	21.9830493	42.4889455	Lukovo
19372	21.9784275	43.8954406	Bogovina
19373	22.37175	43.5978678	Šarbanovac
19375	21.73493166	43.84266745	Krivi Vir
19376	22.03493287	43.9464761	Sumrakovac
19377	21.67338504	43.0064968	Savinac
19378	22.09341395	43.8765042	Osnić
19379	22.07543	43.961048	Šarbanovac Timok
21000	19.8451756	45.2551338	Novi Sad
21131	19.8736898	45.2526149	Petrovaradin
21201	19.7431048	45.2931053	Rumenka
21203	19.756395	45.2495309	Veternik
21205	19.9333937	45.2046573	Sremski Karlovci
21206	19.8037149	45.185576	Stari Ledinci
21207	19.8052203	45.2115613	Ledinci
21208	19.8419217	45.2223202	Sremska Kamenica
21209	19.8932816	45.1943284	Bukovac
21211	19.7272454	45.3478444	Kisač
21212	19.6997016	45.4137131	Stepanovićevo
21213	19.6906852	45.4533871	Zmajevo
21214	19.8099027	45.4400549	Sirig
21215	19.8548728	45.538297	Turija
21216	19.922092	45.5084552	Nadalj
21217	20.0270428	45.5334357	Bačko Gradište
21220	20.0484962	45.6192225	Bečej
21225	19.9196818	45.5852043	Radičević
21226	20.0791667	45.7069444	Bačko Petrovo Selo
21227	19.8203927	45.7338732	Mileševo
21230	20.0637917	45.3728199	Žabalj
21233	19.8013472	45.3697869	Čenej
21234	19.8761213	45.3700119	Bački Jarak
21235	19.8913645	45.4100166	Temerin
21237	19.9859367	45.4025554	Gospođinci
21238	20.0677998	45.4716664	Čurug
21239	20.060944	45.323966	Đurdjevo
21240	20.2979217	45.205319	Titel
21241	19.9394926	45.3049857	Kać
21242	19.99503611	45.278875	Budisava
21243	20.0223418	45.2275974	Kovilj
21244	20.0919641	45.2737951	Šajkaš
21245	20.1643496	45.3018993	Mošorin
21246	20.1517044	45.2534773	Vilovo
21247	20.135807	45.2036398	Gardinovci
21248	20.2080584	45.2164569	Lok
21299	19.7676517	45.2087575	Rakovac
21300	19.7211134	45.2090585	Beočin
21311	19.6627528	45.2186356	Čerević
21312	19.6156673	45.2145197	Banoštor
21313	19.5346813	45.2246511	Susek
21314	19.4520437	45.2253351	Neštin
21315	20.5964259	44.5361408	Lug
21400	19.3960842	45.2502498	Bačka Palanka
21410	19.7070143	45.2418692	Futog
21411	19.6225197	45.2372383	Begeč
21412	19.5743678	45.2771094	Gložan
21413	19.5271962	45.2718195	Čelarevo
21420	19.2372306	45.3916246	Bač
21421	19.3020165	45.2906459	Karađorđevo
21422	19.26208	45.3043361	Mladenovo
21423	19.3514396	45.320216	Obrovac
21424	19.3242439	45.355595	Tovariševo
21425	19.3005456	45.4097406	Selenča
21426	19.112122	45.4120269	Vajska
21427	19.06545526	45.3849701	Bodjani
21428	19.1293129	45.3485622	Plavna
21429	19.1407378	45.2935927	Bačko Novo Selo
21431	19.4364316	45.32989	Nova Gajdobra
21432	19.4452207	45.3512013	Gajdobra
21433	19.4618119	45.3929334	Silbaš
21434	19.4043598	45.413835	Parage
21460	19.6400446	45.5721492	Vrbas
21465	19.6898057	45.5003693	Bačko Dobro Polje
21466	19.5838376	45.5194794	Kucura
21467	19.5217037	45.5047575	Savino Selo
21468	19.5263672	45.4578901	Despotovo
21469	19.4595651	45.4704612	Pivnice
21470	19.5914331	45.3600646	Bački Petrovac
21471	19.6223232	45.4491119	Ravno Selo
21472	19.5924038	45.4009247	Kulpin
21473	19.5320721	45.3627931	Maglić
21480	19.7911219	45.5484758	Srbobran
22000	19.6155802	44.9710135	Sremska Mitrovica
22201	19.4451542	44.9271315	Zasavica
22202	19.5954103	44.9662908	Mačvanska Mitrovica
22203	19.5570306	44.9282539	Noćaj
22204	19.5857635	44.9468486	Salaš Noćajski
22205	19.4294342	44.9435954	Ravnje
22206	19.4967671	44.9206366	Radenković
22207	19.5692715	45.1221264	Ležimir
22208	19.5977777	45.0824851	Mandjelos
22211	19.6736111	45.0455556	Veliki Radinci
22212	19.704213	45.0822267	Bešenovo
22213	19.6465224	45.1058235	Grgurevci
22217	19.3627092	44.932235	Bosut
22221	19.5641954	44.9974992	Laćarak
22222	19.4601629	45.0124764	Martinci
22223	19.4056819	45.0205917	Kuzmin
22224	19.339392	45.0701411	Kukujevci
22225	19.3074496	45.082688	Bacinci
22230	19.4100915	45.1157806	Erdevik
22231	19.5066072	45.0807024	Čalma
22232	19.5099191	45.1101107	Divoš
22240	19.2291225	45.1266512	Šid
22241	19.1866039	45.0956204	Vasica
22242	19.2599231	45.1488963	Berkasovo
22243	19.34644407	45.12753325	Sot
22244	19.2204788	45.0831683	Adasevci
22245	19.2177714	45.0072805	Morović
22246	19.2886445	44.9653361	Višnjićevo
22247	19.2885586	44.9176154	Sremska Rača
22248	19.0592442	44.887272	Jamena
22250	19.1262316	45.1136326	Ilinci
22251	19.1319537	45.0528009	Batrovci
22253	19.4481295	45.1013904	Bingula
22254	19.291004	45.1538642	Bikić Do
22255	19.3785287	45.1501038	Ljuba
22256	19.3117044	45.1828178	Molovin
22257	19.30080181	45.13389135	Privina Glava
22258	19.264505	45.1057581	Gibarac
22300	20.1588012	44.9844749	Stara Pazova
22303	20.2809245	44.966377	Banovci Dunav
22304	20.2840699	44.9511086	Novi Banovci
22305	20.2814294	44.9828433	Stari Banovci
22306	20.3313275	45.0188292	Belegiš
22307	20.3192123	45.0718483	Surduk
22308	20.0659105	44.9840388	Golubinci
22310	20.0891494	44.8743676	Šimanovci
22313	20.1516279	44.935625	Vojka
22314	20.1383096	44.8892872	Krnješevci
22320	20.0808531	45.0478247	Inđija
22321	20.0329596	45.0204778	Ljukovo
22322	20.1769049	45.0811328	Novi Karlovci
22323	20.2391667	45.1255556	Novi Slankamen
22324	20.0674051	45.130612	Beška
22325	20.1327587	45.1403456	Krčedin
22326	20.0180572	45.1558832	Čortanovci
22327	19.9933374	45.1008678	Maradik
22328	19.93996211	45.11943115	Krušedol
22329	20.2585993	45.1414778	Stari Slankamen
22330	20.2188846	44.9432642	Nova Pazova
22400	19.8161308	45.0081327	Ruma
22404	19.9724232	44.9924158	Putinci
22405	19.7234291	45.0577164	Stejanovci
22406	19.8548663	45.1034827	Irig
22408	19.7922222	45.1216667	Vrdnik
22409	19.7653301	45.1049393	Jazak
22410	19.9672065	44.9090756	Pećinci
22411	19.8840155	44.9773216	Kraljevci
22412	19.9276911	44.9537773	Dobrinci
22413	20.0383376	44.8587944	Sremski Mihaljevci
22414	19.9601368	44.8447433	Subotište
22416	19.9466351	44.7924302	Ogar
22417	19.9773093	44.7364579	Obrez
22418	20.0762748	44.7551502	Asanja
22419	20.0503493	44.7066482	Kupinovo
22420	19.7943371	44.8241319	Platičevo
22421	19.8643311	44.8943618	Budjanovci
22422	19.8230064	44.8494518	Nikinci
22423	19.8329433	44.7671879	Grabovci
22424	19.7063361	44.787715	Klenak
22425	19.7420127	44.9648445	Šašinci
22427	19.7706577	44.8799832	Hrtkovci
22428	20.0072723	44.9280466	Popinci
22429	19.7549746	45.0036084	Voganj
22431	19.8185151	44.7891222	Vitojevci
22440	19.9333144	44.9058129	Sibač
22441	20.1146007	44.8361417	Dec
22442	20.0021353	44.8839549	Prhovo
22443	20.0441741	44.8226436	Karlovčić
23000	20.3907614	45.3802683	Zrenjanin
23202	20.4164002	45.4718698	Mihajlovo
23203	20.4461574	45.3148419	Ečka
23204	20.4568867	45.2943516	Stajićevo
23205	20.3737176	45.2722617	Belo Blato
23206	20.4038535	45.3474629	Muzlja
23207	20.3014046	45.3813184	Aradac
23208	20.2989801	45.4426061	Elemir
23209	20.2005346	45.4665476	Taraš
23210	20.5477867	45.4824819	Žitište
23211	20.4797385	45.4213594	Klek
23212	20.5687899	45.4603621	Ravni Topolovac
23213	20.5127277	45.5237849	Banatski Dvor
23214	20.4572131	45.5862698	Torda
23215	20.5329503	45.5626043	Cestereg
23216	20.563256	45.588639	Banatsko Karađorđevo
23217	20.5915942	45.6377825	Aleksandrovo
23218	20.6070532	45.6678337	Nova Crnja
23219	20.6550975	45.6847694	Vojvoda Stepa
23220	20.6912659	45.7262466	Srpska Crnja
23221	20.7876134	45.7459242	Radojevo
23222	20.57310144	45.6820651	Toba
23224	20.4255096	45.3079917	Lukino Selo
23230	20.8551103	45.4481307	Jaša Tomić
23231	20.7280972	45.4524401	Krajišnik
23232	20.6071045	45.5085762	Begejci
23233	20.714305	45.568008	Srpski Itebej
23234	20.8069557	45.5357068	Medja
23235	20.7891718	45.6626265	Hetin
23236	20.7016912	45.558033	Novi Itebej
23237	20.6816031	45.4469958	Banatsko Višnjićevo
23240	20.7734307	45.3684881	Sečanj
23241	20.5364856	45.3871277	Lazarevo
23242	20.6628611	45.3644542	Banatski Despotovac
23243	20.6382744	45.3095611	Botos
23244	20.6982638	45.3797362	Sutjeska
23245	20.7122272	45.3447229	Neuzina
23250	20.7628298	45.2708546	Jarkovac
23251	20.8226665	45.2739587	Banatska Dubica
23252	20.8351016	45.3560619	Boka
23253	20.9138254	45.3163517	Konak
23254	20.8743144	45.3995309	Surjan
23255	20.5789208	45.3874371	Zlatica
23260	20.3813491	45.207496	Perlez
23261	20.499552	45.3367261	Lukićevo
23262	20.6223957	45.2633648	Tomaševac
23263	20.5831276	45.2436725	Orlovat
23264	20.4735842	45.189364	Farkaždin
23265	20.3186927	45.187658	Knićanin
23266	20.3865803	45.1076394	Ćenta
23270	20.316299	45.5166819	Melenci
23271	20.2274206	45.5400113	Kumane
23272	20.1437487	45.5959306	Novi Bečej
23273	20.3017485	45.7213056	Novo Miloševo
23274	20.2806946	45.7688056	Bocar
23300	20.4627388	45.8254439	Kikinda
23305	20.4121642	45.9333774	Mokrin
23311	20.5671278	45.874223	Nakovo
23312	20.6058583	45.8212451	Banatsko Veliko Selo
23313	20.6151568	45.7793709	Novi Kozarci
23314	20.5728583	45.7588927	Rusko Selo
23315	20.4644605	45.6723594	Banatska Topola
23316	20.4136646	45.6391562	Basaid
23320	20.1461092	45.9398773	Čoka
23323	20.3165398	45.8305169	Iđos
23324	20.2799261	45.8402383	Sajan
23325	20.1648756	45.826786	Padej
23326	20.1676893	45.8897926	Ostojićevo
23327	20.2193922	45.8929813	Jazovo
23328	21.80621877	43.5752922	Crna Bara
23329	20.53926568	44.29061555	Vrbica
23330	20.0933532	46.0427093	Novi Kneževac
23331	20.1045666	45.975572	Sanad
23332	20.2470562	46.0689683	Banatsko Arandjelovo
23333	20.2595596	46.0938463	Majdan
23334	20.0957423	46.1269965	Srpski Krstur
23335	20.1095533	46.1547913	Đala
24000	19.6640974	46.1000129	Subotica
24104	19.5776048	46.1523488	Kelebija
24205	19.56219785	46.16594775	Kelebija-granični prelaz
24206	19.7590216	46.0197362	Bikovo
24207	19.8325625	45.9752845	Orom
24210	19.4251214	45.96601	Bajmok
24211	19.4901008	45.9950438	Mišićevo
24213	19.5389124	45.945663	Đurđin
24214	19.5052276	46.0436802	Tavankut
24215	19.5292215	46.0665386	Ljutovo
24217	19.57750919	46.0328608	Mala Bosna
24220	19.7627015	45.9218656	Čantavir
24222	19.7439629	45.9513874	Višnjevac
24223	19.6721045	45.9408773	Novi Zednik
24224	19.6271553	45.950165	Stari Žednik
24300	19.6302175	45.8128507	Bačka Topola
24308	19.3020165	45.2906459	Karadjordjevo
24309	19.6339787	45.8853706	Mali Beograd
24311	19.7536055	45.764642	Njegoševo
24312	19.827813	45.7601799	Gunaroš
24313	19.8284288	45.7941107	Pobeda
24321	19.6642328	45.7061374	Mali Idjoš
24322	19.6888114	45.6814172	Lovćenac
24323	19.6980682	45.6643631	Feketić
24330	19.5214468	45.7503869	Panonija
24331	19.5849187	45.7769601	Bajša
24340	19.4666165	45.8693425	Stara Moravica
24341	19.269726	44.5857522	Krivaja
24342	19.4411846	45.8982023	Pačir
24343	19.5397732	45.8499947	Bački Sokolac
24344	20.56096116	45.87860565	Oresković
24351	19.7683797	45.8497589	Novo Orahovo
24352	19.8318949	45.8782275	Tornjoš
24400	20.078859	45.927334	Senta
24406	20.0184801	45.920517	Gornji Breg
24407	19.8782241	45.8512096	Kevi
24408	19.8037128	45.7727617	Bogaras
24410	19.9655907	46.152713	Horgoš
24411	19.9792908	46.176093	Horgoš Granični Prelaz
24413	19.7634537	46.1022848	Palić
24414	19.8219481	46.1066044	Hajdukovo
24415	19.8546368	46.126079	Bački Vinogradi
24416	19.9210496	46.0720463	Male Pijace
24417	20.0567934	46.1134321	Martonoš
24420	20.0516482	46.0644447	Kanjiža
24425	20.0380428	46.0054437	Adorjan
24426	19.6310435	45.152509	Tresnjevac
24427	19.9194944	45.9635873	Totovo Selo
24430	22.41204979	43.220133	Ada
24435	20.07655055	45.75061925	Mol
24437	19.8995338	45.8109399	Utrine
25000	19.114626	45.7727669	Sombor
25210	19.248848	45.812126	Conoplja
25211	19.21985896	45.87410335	Svetozar Miletić
25212	19.30421291	45.9521156	Aleksa Santic
25220	19.458323	45.6586929	Crvenka
25221	19.2776627	45.7703765	Kljajićevo
25222	19.33858201	45.76881715	Telečka
25223	19.3822068	45.7032662	Sivac
25224	19.47712035	45.7029606	Nova Crvenka
25225	19.3680989	45.6153513	Krusčić
25230	19.5327755	45.6088375	Kula
25232	19.5546121	45.7064812	Lipar
25233	19.4201714	45.5625734	Ruski Krstur
25234	19.3677289	45.5198425	Lalić
25240	19.2018979	45.6640973	Stapar
25242	19.2701805	45.6161513	Bački Brestovac
25243	19.187792	45.606071	Doroslovo
25244	19.2035291	45.559439	Srpski Miletić
25245	19.1313233	45.5316555	Bogojevo
25250	19.2636721	45.5082822	Odzaci
25252	19.3245845	45.5552073	Bački Gracac
25253	19.3363581	45.4542427	Ratkovo
25254	19.2206219	45.4543171	Deronje
25255	19.1960432	45.4976668	Karavukovo
25260	18.9817498	45.6717612	Apatin
25262	19.0126598	45.7377766	Kupušina
25263	19.0854039	45.6776078	Prigrevica
25264	19.0991866	45.5954082	Sonta
25265	19.08232066	45.64591975	Svilojevo
25270	18.925943	45.8501704	Bezdan
25272	18.9339346	45.7937186	Bački Monostor
25274	18.9251663	45.8910436	Kolut
25275	18.97267334	45.9150604	Bački Breg
25280	19.1062079	45.991571	Ridjica
25282	19.0611893	45.9006097	Gakovo
25283	19.0363537	45.9596206	Rastina
25284	19.1645788	45.9385555	Stanišić
26000	20.6409406	44.8702321	Pančevo
26201	20.595162	44.9471243	Jabuka
26202	20.5255532	44.9865352	Glogonj
26203	20.4858976	45.0044137	Sefkerin
26204	20.4331827	45.0487194	Opovo
26205	20.4462371	45.0827888	Baranda
26206	20.4818833	45.1452359	Sakule
26207	20.5131341	45.1903495	Idvor
26210	20.6200326	45.1119346	Kovačica
26212	20.6995481	44.9665856	Kačarevo
26213	20.6372859	45.0092297	Crepaja
26215	20.726906	45.1220499	Padina
26216	20.6200177	45.2076453	Uzdin
26220	20.9781361	44.7412405	Kovin
26222	20.8747499	44.8180682	Bavanište
26223	21.08520484	44.78129595	Gaj
26224	21.2068951	44.7957843	Dubovac
26225	21.0417114	44.8404632	Deliblato
26226	20.98339814	44.9273771	Mramorak
26227	20.8772434	44.9017205	Dolovo
26228	20.9047181	44.7645546	Skorenovac
26229	20.8841521	44.7242392	Pločica
26230	20.7310487	44.7607631	Omoljica
26232	20.6998149	44.8100472	Starčevo
26233	20.6971952	44.7394943	Ivanovo
26234	20.8084452	44.7266366	Banatski Brestovac
26300	21.2955174	45.1211541	Vršac
26310	20.9663326	45.0798407	Alibunar
26314	20.7847751	44.9906809	Banatsko Novo Selo
26315	20.8654002	45.0318784	Vladimirovac
26316	20.950217	44.990398	Devojački Bunar
26320	21.0168988	45.0501529	Banatski Karlovac
26322	21.066206	45.0531497	Nikolinci
26323	21.3663975	44.9003106	Crvena Crkva
26324	21.32580496	44.83350195	Banatska Palanka
26327	21.3447805	44.9830758	Banatska Subotica
26328	21.2772448	44.9270869	Dupljaja
26329	21.2565362	44.8749568	Kajtasovo
26330	21.1577974	45.0421647	Uljma
26331	21.2297971	45.0661225	Ritisevo
26332	21.1998313	45.0715512	Vlajkovac
26333	21.2372323	45.1047553	Pavliš
26334	21.4008613	45.1799547	Veliko Središte
26335	21.4435023	45.166488	Gudurica
26336	21.3782767	45.0344523	Kuštilj
26337	21.245349	45.2329055	Vatin
26338	21.3463647	45.0164548	Vojvodinci
26340	21.422117	44.901587	Bela Crkva
26343	21.1823642	45.0219542	Izbište
26345	21.3021472	44.974594	Straža
26346	21.3010159	44.9363425	Jasenovo
26347	21.2347359	44.9017998	Grebenac
26348	21.3662733	44.8797019	Vračev Gaj
26349	21.4815305	44.8774425	Kusić
26350	20.7750094	45.2031678	Samoš
26351	20.9149613	45.1300996	Seleuš
26352	20.9213127	45.1683183	Ilandža
26353	20.8650629	45.1848366	Novi Kozjak
26354	20.8472215	45.2148861	Dobrica
26360	21.1238168	45.2286009	Plandište
26361	21.031596	45.1525333	Lokve
26362	21.0088008	45.1717767	Janošik
26363	21.0460455	45.1855267	Jermenovci
26364	21.1740065	45.2154255	Margita
26365	21.1759999	45.2902802	Veliki Gaj
26366	21.0282517	45.2410145	Velika Greda
26367	21.0821572	45.1815096	Barice
26368	21.1372649	45.2908363	Kupinik
26370	20.9600765	45.249244	Hajdučica
26371	20.9627317	45.2845046	Stari Lec
26373	21.0647276	45.3037058	Miletićevo
26380	21.4747269	44.9280034	Kruščica
31000	19.840273	43.8564957	Užice
31203	19.9266384	43.8815594	Lunovo Selo
31204	19.91908269	43.92492525	Karan
31205	19.8976819	43.8455457	Sevojno
31206	19.6193504	45.1389609	Ravni
31207	19.8799015	43.6859823	Sirogojno
31208	19.83604139	43.721642	Rožanstvo
31209	19.75604209	43.64359105	Ljubiš
31210	20.0359277	43.8457444	Požega
31213	20.4123858	43.81694855	Ježevica
31214	20.08742467	43.9624921	Gornja Dobrinja
31215	20.11823865	43.88611995	Jelen Do
31230	20.1006509	43.7506129	Arilje
31233	21.4747269	44.9280034	Kruščica
31234	20.01946951	43.646945	Brekovo
31237	19.97572684	43.7649111	Roge
31241	19.6528798	43.8648387	Bioska
31242	19.5800524	43.8502197	Kremna
31243	19.49954064	43.8197509	Mokra Gora
31244	19.65325953	43.8162054	Šljivovica
31250	19.5659497	43.9714028	Bajina Bašta
31251	19.4217112	43.9215852	Mitrovac
31253	19.6850915	43.9453634	Zlodol
31254	19.6868268	44.0079509	Kostojevići
31255	19.6295435	44.0383298	Rogačica
31256	19.447155	43.9568074	Perućac
31257	19.5473522	43.9035247	Kaluđerske Bare
31258	19.90747602	44.1572479	Bačevci
31260	19.9080221	43.9981122	Kosjerić
31262	19.8380396	44.0110332	Seča Reka
31263	19.75440233	44.05039825	Varda
31265	19.9196599	44.0700911	Ražana
31300	19.6496772	43.3891969	Prijepolje
31305	19.7176308	43.2309869	Brodarevo
31306	20.595162	44.9471243	Jabuka
31307	19.8466569	43.3353333	Aljinovici
31310	19.7167804	43.7506286	Čajetina
31311	18.99673966	45.7365594	Bela Zemlja
31312	19.7707519	43.79500135	Mačkat
31313	19.83488046	43.66100295	Gostilje
31314	19.815596	44.25893	Jablanica
31315	19.7008277	43.7256955	Zlatibor
31317	19.75225351	43.6022675	Draglica
31318	19.812883	43.5150447	Kokin Brod
31319	21.3010159	44.9363425	Jasenovo
31320	19.8154494	43.4597045	Nova Varoš
31322	19.95703427	43.4543127	Bozetici
31325	22.072188	42.84145	Bistrica
31330	19.5258333	43.5836111	Priboj
31335	21.3207266	42.9917195	Sastavci
31337	19.5602	43.549166	Banja Kod Priboja
32000	20.3447317	43.8888275	Čačak
32205	20.3256573	43.924893	Trbušani
32206	20.7017895	43.6041779	Kamenica
32210	20.5365239	43.865226	Mrčajevci
32211	20.47137659	43.88539015	Mojsinje
32212	20.4178774	43.9013757	Preljina
32213	21.9620014	42.5694103	Bresnica
32215	20.49279309	43.9491613	Gornja Trepca
32221	20.5711242	43.1099224	Trnava
32222	20.4123858	43.81694855	Ježevica
32223	19.68800576	44.6314133	Zablaće
32224	22.0223951	42.880021	Slatina
32225	20.53290614	43.80097965	Goričani
32230	20.2262747	43.7774122	Guča
32232	20.32276653	43.7940837	Goračići
32234	20.9418382	43.1458894	Kaona
32235	20.67891126	44.15077355	Kotraža
32240	20.1376519	43.8577805	Lučani
32242	20.19146673	43.90174615	Ovčar Banja
32243	20.21476344	43.85765855	Markovica
32250	20.2304548	43.5816675	Ivanjica
32251	19.80854	44.298272	Bukovica
32252	20.14148	43.622901	Prilicki Kiseljak
32253	20.49840094	43.49731255	Brezova
32254	20.33879244	43.441718	Vionica
32255	20.70842705	43.4956937	Medjurečje
32256	20.1623755	43.5011039	Bratljevo
32257	20.16120581	43.4208608	Kovilje
32258	20.1045353	43.5025327	Kušići
32259	20.2512425	43.224697	Bele Vode
32300	20.4592799	44.0241615	Gornji Milanovac
32303	20.6075992	43.0878559	Brđani
32304	20.3870953	44.0440849	Takovo
32305	20.3378309	44.0608132	Bersici
32306	20.26863199	44.1081341	Gornji Banjani
32307	20.6814978	43.5666039	Brezna
32308	20.2082248	44.0102717	Pranjani
32311	20.4079595	44.1164335	Šilopaj
32312	20.3448058	44.1434202	Boljkovci
32313	20.50948277	44.14433765	Rudnik
32314	20.37512737	44.1746711	Ugrinovci
32315	20.6195965	44.0404417	Vračevšnica
34000	20.9171723	44.010103	Kragujevac
34202	20.9058043	43.9107851	Grosnica
34203	20.949997	44.024344	Ilićevo
34204	20.8346982	44.0284599	Divostin
34205	20.64978204	43.0636351	Bare
34206	20.99955017	43.93926955	Gornja Sabanta
34207	20.8972621	43.9717235	Erdec
34209	20.974617	44.0234804	Marsic
34210	20.978101	44.226888	Rača Kragujevačka
34211	20.95493969	44.0493611	Jovanovac
34212	20.9224319	44.1456926	Malo Krcmare
34214	20.8954382	44.1547148	Veliko Krčmare
34215	20.878321	44.234051	Đurdjevo
34216	20.8671096	43.9967694	Male Pčelice
34217	22.341277	43.244038	Bukurovac
34220	21.10474	44.1854465	Lapovo
34223	21.1006164	44.1585019	Lapovo Selo
34224	20.99836456	44.0463575	Korman
34225	22.34518781	43.10555755	Resnik
34226	20.98500308	44.13937165	Badnjevac
34227	21.0797933	44.1547439	Batočina
34228	21.1146926	44.1245636	Brzan
34229	21.0225105	44.1163379	Zirovnica
34230	20.8141404	43.7081153	Gruza
34231	20.8252064	43.9771407	Dragobraca
34232	22.028541	42.947969	Guberevac
34240	20.7202293	43.9252907	Knić
34242	20.62410657	43.9136305	Bumbarevo Brdo
34243	22.20177783	43.2178747	Toponica
34244	20.7499552	43.9973838	Zabojnica
34300	20.5572396	44.3074611	Arandjelovac
34301	19.9069517	44.2054316	Bukovik
34302	20.52495527	44.3907333	Ranilovic
34303	20.5572396	44.3074611	Arandjelovac
34304	19.956948	44.266486	Banja
34305	20.47235593	44.34606805	Darosava
34306	20.480441	44.390202	Vencane
34307	20.61269094	44.3744572	Stojnik
34308	22.067152	43.055099	Orašac
34309	19.74946574	43.9846361	Jelovik
34310	20.6782764	44.2541354	Topola
34312	20.68878941	44.33233505	Belosavci
34313	20.80304284	44.2593424	Natalinci
34314	20.61336038	44.1921668	Donja Satornja
34318	20.55026186	44.16489005	Jarmenovci
34321	20.8825469	44.0754732	Desimirovac
34322	20.7880504	44.1377164	Čumić
34323	20.6624834	44.1508915	Stragari
34325	20.8165834	44.106343	Lužnice
35000	21.2607688	43.9794256	Jagodina
35203	21.1791895	43.9776658	Siokovac
35204	21.1770124	44.067872	Bagrdan
35205	20.1609499	44.3394207	Jovac
35206	21.3225223	43.8391727	Raševica
35207	21.3269027	43.814124	Potočac
35208	21.21574991	44.09803305	Vojska
35209	21.338131	44.171745	Subotica Kod Svilajnca
35210	21.1947272	44.2333085	Svilajnac
35211	21.29654619	44.1974319	Sedlare
35212	21.42614987	44.14977065	Plažane
35213	21.4366052	44.0954702	Despotovac
35215	21.5363105	44.0870928	Stenjevac
35217	21.28133547	44.23985535	Bobovo
35219	21.3145461	43.9753406	Končarevo
35220	21.5336487	43.4388201	Ribare
35222	22.20772937	43.56419235	Glogovac
35223	21.357761	44.1169582	Veliki Popović
35224	21.5847305	42.842459	Medvedja
35226	21.17909989	44.28882	Kušiljevo
35227	21.3374878	44.01926435	Krušar
35228	21.3741606	43.9739789	Supska
35230	21.37	43.9275	Ćuprija
35233	21.48620552	43.96588455	Senje
35234	21.5712428	43.9961298	Senjski Rudnik
35235	19.4584959	44.6238506	Ravna Reka
35236	21.32663289	43.95532235	Mijatovac
35237	21.6121295	44.0326896	Resavica
35238	21.4645905	44.0179169	Bigrenica
35241	21.3010159	44.9363425	Jasenovo
35242	21.2452181	43.9071949	Kolare
35247	20.2281709	43.9946352	Plana
35248	21.29908151	43.8654961	Trešnjevica
35249	21.49714688	43.7954315	Busilovac
35250	21.4077778	43.8608333	Paraćin
35254	22.0767374	43.5352298	Popovac
35255	21.55766518	43.8497462	Donja Mutnica
35256	21.40967132	43.7750357	Sikirica
35257	21.4763291	43.2419751	Drenovac
35258	21.37280591	43.8065499	Donje Vidovo
35259	21.3058826	43.7987352	Svojnovo
35260	21.0935298	43.8582678	Rekovac
35261	21.2512865	43.9246474	Glavinci
35262	21.2155952	43.8874303	Dragoševac
35263	21.1520101	43.7837595	Belusic
35264	21.03295895	43.75957235	Prevešt
35265	21.100316	43.7867415	Dragovo
35267	21.1169778	43.7495834	Oparić
35268	21.14886445	44.09660275	Miloševo
35269	21.109135	44.0674427	Strižilo
35270	19.64220208	44.77245245	Majur
35271	21.2348023	44.0403555	Novo Lanište
35272	21.22335994	43.94002205	Dragocvet
35273	21.14148293	43.9176947	Bunar
36000	20.6875995	43.7235798	Kraljevo
36201	20.6108956	43.6901154	Mataruška Banja
36202	20.5479556	43.7632756	Samaila
36203	20.6556342	43.7573076	Adrani
36204	20.6080277	43.8163883	Lađevci
36205	20.517158	43.70899	Roćevci
36206	20.7995794	43.7272614	Vitanovac
36207	20.7896137	43.7913426	Vitkovac
36208	20.7227096	43.7465089	Sirča
36210	20.8958931	43.6241529	Vrnjačka Banja
36212	20.7495456	43.7030145	Ratina
36214	20.7870113	43.6900843	Vrba
36215	20.83058359	43.67449895	Podunavci
36216	22.165413	42.874285	Novo Selo
36217	20.91322911	43.64639855	Vrnjci
36220	20.8307302	43.7154933	Čukojevac
36221	20.6507389	43.6938046	Zica
36222	20.47478896	43.40728005	Rudno
36300	20.512222	43.136667	Novi Pazar
36305	20.4804141	43.2041809	Dezeva
36306	20.4716317	43.0720928	Lukare
36307	20.2992146	43.102632	Delimede
36308	20.37386716	43.1178328	Sopoćani
36309	20.4697222	42.9708333	Ribarice
36310	19.9991727	43.2729348	Sjenica
36311	20.1182781	43.29277865	Štavalj
36312	20.2270585	43.2509958	Duga Poljana
36313	20.0585971	43.0530015	Ugao
36320	20.336704	42.9903418	Tutin
36321	20.3857595	43.0501236	Crkvine
36340	20.60447764	43.7083303	Konarevo
36341	20.5537143	43.65243	Bogutovac
36342	20.6150281	43.4683624	Ušće
36343	20.3826565	43.4196107	Studenica
36344	20.636765	43.398072	Baljevac Na Ibru
36345	20.74978779	43.37403245	Jošanicka Banja
36346	20.6339602	43.35163065	Brvenik
36350	20.5339275	43.1609755	Raška
36353	20.26436769	43.0183859	Rudnica
36354	20.8109661	43.285689	Kopaonik
37000	21.326599	43.5825653	Kruševac
37201	21.3670204	43.5690068	Parunovac
37202	21.51315158	43.5919701	Djunis
37203	21.3926351	43.3097172	Zdravinje
37204	21.5287614	43.5176611	Veliki Siljegovac
37205	21.50976209	43.4258245	Ribarska Banja
37206	21.4006773	43.5051552	Dvorane
37207	21.3530946	43.545688	Veliko Golovode
37208	21.2746897	43.5925969	Čitluk
37209	21.3435558	43.4955547	Velika Lomnica
37210	21.4458333	43.7202778	Ćićevac
37212	21.43052325	43.6778938	Stalać
37213	21.58114906	43.74477015	Vitosevac
37214	21.45446417	43.74914875	Pojate
37215	21.549205	43.674425	Ražanj
37220	21.0321486	43.385085	Brus
37221	21.29684457	43.51040175	Gornji Stepos
37222	21.23524645	43.45886125	Kupci
37223	21.1662876	43.3446829	Razbojna
37224	21.085057	43.3474381	Lepenac
37225	20.86668382	43.28877355	Brzeće
37226	20.8998671	43.23303015	Blazevo
37227	20.98888709	43.4330056	Milentija
37228	20.62780622	43.0128643	Zlatari
37229	20.9913133	43.3620507	Grasevci
37230	22.5779878	44.0826853	Aleksandrovac
37231	21.25242551	43.56584765	Pepeljevac
37232	21.15141004	43.5001965	Laćisled
37233	20.9605857	43.5023911	Velika Vrbnica
37234	21.19149765	43.4701378	Gornji Stupanj
37235	21.11958066	43.4185424	Trnavci
37236	21.86636369	42.482008	Rataje
37237	22.27362774	42.5519145	Ploča
37238	22.1649301	43.353985	Ples
37239	21.07732121	43.4062985	Šljivovo
37240	20.9984448	43.620214	Trstenik
37242	21.1499249	43.5807175	Stopanja
37243	21.09553428	43.5953036	Počekovina
37244	21.5847305	42.842459	Medvedja
37245	21.13054924	43.63143935	Velika Drenova
37246	21.1206586	43.6748579	Milutovac
37251	21.17667926	43.56697215	Globoder
37252	21.9795332	43.4456165	Jasika
37253	21.5482263	43.2214352	Bela Voda
37254	21.18126471	43.64174845	Konjuh
37255	21.23970441	43.605536	Kukljin
37256	21.50490464	43.56309555	Kaonik
37257	22.027178	42.854929	Padež
37258	21.16815022	43.741631	Donji Krcin
37259	21.5336487	43.4388201	Ribare
37260	21.3681284	43.7254423	Varvarin
37262	21.4736336	43.8857762	Bosnjane
37265	21.30416893	43.71727175	Bačina
37266	19.9773093	44.7364579	Obrez
37271	21.70786855	43.40595165	Dasnica
37281	20.92365256	43.4186369	Osreci
37282	19.7988178	43.7956924	Kriva Reka
38157	22.17749393	42.95028185	Brezovica
38205	19.7435424	44.2117298	Gracanica
B22415	19.9035458	44.8610082	Brestac
