5304
5305
5306
5400
5401
5402
5403
5404
5405
5406
5407
5408
5409
5410
5501
5502
5503
5550
5551
5552
5553
5554
5555
5556
5557
5751
5752
5753
5754
5755
5801
5802
5803
5804
5805
5806
5850
5851
5852
5853
5854
5855
5856
5857
5858
5859
5860
5861
5862
5863
5864
5865
5866
5867
5868
5869
5870
5871
5872
5873
5874
5875
5900
5901
5902
5952
5953
5954
5955
5956
5957
5958
5960
6000
6051
6052
6053
6054
6055
6056
6100
6101
6102
6103
6104
6105
6106
6150
6151
6152
6153
6154
6155
6156
7000
7001
7002
7003
7004
7005
7006
7007
7008
7009
7010
7011
7012
7013